{
    "camera_angle_x": 0.8752646803266844,
    "frames": [
        {
            "file_path": "images/DSC02923.JPG",
            "transform_matrix": [
                [
                    0.7441361035967408,
                    0.002161998803310658,
                    -0.668024539283577,
                    0.5925767089330132
                ],
                [
                    -0.3868229738066675,
                    0.8166808783064983,
                    -0.42825264732852847,
                    0.34441800055539823
                ],
                [
                    0.5446369857613665,
                    0.5770854951995426,
                    0.6085580374714247,
                    -0.0542636515759379
                ],
                [
                    0.0,
                    0.0,
                    0.0,
                    1.0
                ]
            ]
        },
        {
            "file_path": "images/DSC02922.JPG",
            "transform_matrix": [
                [
                    0.9454029545192364,
                    -0.058615879554366784,
                    -0.32058919546729364,
                    0.2918530016965617
                ],
                [
                    -0.0798721607863563,
                    0.9120208624265642,
                    -0.40229141729600004,
                    0.3172740983466529
                ],
                [
                    0.3159646997966974,
                    0.40593364625610184,
                    0.8575454409648559,
                    -0.2062270520884009
                ],
                [
                    0.0,
                    0.0,
                    0.0,
                    1.0
                ]
            ]
        },
        {
            "file_path": "images/DSC02898.JPG",
            "transform_matrix": [
                [
                    0.47578262346886024,
                    -0.7011120551060841,
                    0.5311052451162688,
                    -0.4446702806288875
                ],
                [
                    0.6345349838849494,
                    0.691750525496357,
                    0.3447413011254102,
                    -0.26966096397720046
                ],
                [
                    -0.6090946145150322,
                    0.1729829374835479,
                    0.7740030063949024,
                    -0.3308250153196085
                ],
                [
                    0.0,
                    0.0,
                    0.0,
                    1.0
                ]
            ]
        },
        {
            "file_path": "images/DSC02917.JPG",
            "transform_matrix": [
                [
                    0.9790676642029977,
                    -0.12479737162069668,
                    -0.16078596004829465,
                    0.1786724560031156
                ],
                [
                    0.05517166164436468,
                    0.9231165890630748,
                    -0.38054152302732247,
                    0.3122732028051691
                ],
                [
                    0.19591476887536025,
                    0.363705071497663,
                    0.9106788810021864,
                    -0.2509950735470543
                ],
                [
                    0.0,
                    0.0,
                    0.0,
                    1.0
                ]
            ]
        },
        {
            "file_path": "images/DSC02901.JPG",
            "transform_matrix": [
                [
                    0.9754495041033715,
                    -0.17940305799617692,
                    -0.12772160242538075,
                    0.15873428661046984
                ],
                [
                    0.060660936422179436,
                    0.7764140446869323,
                    -0.6272969647664993,
                    0.49723423034016895
                ],
                [
                    0.21170383968381618,
                    0.6041488012025669,
                    0.7682354523638117,
                    -0.10781536633103286
                ],
                [
                    0.0,
                    0.0,
                    0.0,
                    1.0
                ]
            ]
        },
        {
            "file_path": "images/DSC02915.JPG",
            "transform_matrix": [
                [
                    0.7623618230000363,
                    -0.34414366493648146,
                    0.5480598404518867,
                    -0.3419889247164361
                ],
                [
                    0.5316034901822045,
                    0.8159827579191963,
                    -0.2270899997901297,
                    0.17119690351754993
                ],
                [
                    -0.36905579531848504,
                    0.46447527023800644,
                    0.8050220762682048,
                    -0.1563941382997368
                ],
                [
                    0.0,
                    0.0,
                    0.0,
                    1.0
                ]
            ]
        },
        {
            "file_path": "images/DSC02910.JPG",
            "transform_matrix": [
                [
                    -0.8761534403885021,
                    -0.18009025782242347,
                    0.4471271048961854,
                    -0.22615540286801758
                ],
                [
                    0.24666819878188645,
                    0.629429493152721,
                    0.7368672287863051,
                    -0.550367829439361
                ],
                [
                    -0.4141375962226697,
                    0.7559007952019643,
                    -0.5070542763925246,
                    0.8037095159768928
                ],
                [
                    0.0,
                    0.0,
                    0.0,
                    1.0
                ]
            ]
        },
        {
            "file_path": "images/DSC02891.JPG",
            "transform_matrix": [
                [
                    0.49355499809006603,
                    0.3740950408329149,
                    -0.7851473519566466,
                    0.8356341930931236
                ],
                [
                    -0.8387338742690034,
                    0.4435386464477543,
                    -0.3159097296080022,
                    0.22586034421060858
                ],
                [
                    0.2300629305516688,
                    0.814448506371958,
                    0.532676898743004,
                    -0.035949614379642225
                ],
                [
                    0.0,
                    0.0,
                    0.0,
                    1.0
                ]
            ]
        },
        {
            "file_path": "images/DSC02894.JPG",
            "transform_matrix": [
                [
                    -0.9408277047563112,
                    -0.32800330085503676,
                    0.08518840643638444,
                    0.010513848350828503
                ],
                [
                    0.10180018810172664,
                    -0.03377851193085877,
                    0.9942312275493008,
                    -0.8259142367962296
                ],
                [
                    -0.32323358684614356,
                    0.9440724796115694,
                    0.06517055757502412,
                    0.387080747515259
                ],
                [
                    0.0,
                    0.0,
                    0.0,
                    1.0
                ]
            ]
        },
        {
            "file_path": "images/DSC02902.JPG",
            "transform_matrix": [
                [
                    0.9109752207815136,
                    -0.16327646728016143,
                    -0.37876766276252105,
                    0.338965590598196
                ],
                [
                    -0.16010691663234553,
                    0.7063199956232754,
                    -0.6895490113322034,
                    0.49517925793343526
                ],
                [
                    0.3801183004915124,
                    0.6888053854429758,
                    0.6172983222204624,
                    -0.017063061696775225
                ],
                [
                    0.0,
                    0.0,
                    0.0,
                    1.0
                ]
            ]
        },
        {
            "file_path": "images/DSC02920.JPG",
            "transform_matrix": [
                [
                    -0.8761314708417861,
                    -0.30914048221130236,
                    0.3698997270325725,
                    -0.15957855183826297
                ],
                [
                    0.25642821253502246,
                    0.3508919061088557,
                    0.9006216975197674,
                    -0.6540241824251631
                ],
                [
                    -0.4082134461488273,
                    0.8839157383401751,
                    -0.2281551005299703,
                    0.6128277589576648
                ],
                [
                    0.0,
                    0.0,
                    0.0,
                    1.0
                ]
            ]
        },
        {
            "file_path": "images/DSC02889.JPG",
            "transform_matrix": [
                [
                    0.9172697439828332,
                    0.18858476017617737,
                    -0.35078769220564326,
                    0.3356364562695196
                ],
                [
                    -0.24975874845673693,
                    0.958449218738847,
                    -0.13782475346692383,
                    0.16605426126259204
                ],
                [
                    0.31022054145880135,
                    0.21403477130641088,
                    0.9262571631727446,
                    -0.2739503987706521
                ],
                [
                    0.0,
                    0.0,
                    0.0,
                    1.0
                ]
            ]
        },
        {
            "file_path": "images/DSC02887.JPG",
            "transform_matrix": [
                [
                    0.9804035999444639,
                    -0.18394095083938508,
                    0.07053019084220967,
                    0.01266934723014817
                ],
                [
                    0.19090991238997143,
                    0.9754475960444757,
                    -0.10979705242995717,
                    0.128515865386025
                ],
                [
                    -0.04860233088226337,
                    0.12111033802015528,
                    0.9914484855288523,
                    -0.32248044980566204
                ],
                [
                    0.0,
                    0.0,
                    0.0,
                    1.0
                ]
            ]
        },
        {
            "file_path": "images/DSC02896.JPG",
            "transform_matrix": [
                [
                    -0.2786360961568519,
                    -0.7816288141067638,
                    0.5580486742897287,
                    -0.4010716813161691
                ],
                [
                    0.6204736063575771,
                    0.29700841004955747,
                    0.7258088647663768,
                    -0.5890847064711245
                ],
                [
                    -0.7330582717165752,
                    0.5484910220941523,
                    0.40222278521985755,
                    0.06224172684497446
                ],
                [
                    0.0,
                    0.0,
                    0.0,
                    1.0
                ]
            ]
        },
        {
            "file_path": "images/DSC02916.JPG",
            "transform_matrix": [
                [
                    0.9392701033583198,
                    -0.2422998447647717,
                    0.24302769011826306,
                    -0.10847801960220649
                ],
                [
                    0.3306110708543081,
                    0.8287726473512099,
                    -0.45147781654366453,
                    0.288180476498721
                ],
                [
                    -0.09202169725569426,
                    0.5044072602862042,
                    0.8585483812836331,
                    -0.16922919261522515
                ],
                [
                    0.0,
                    0.0,
                    0.0,
                    1.0
                ]
            ]
        },
        {
            "file_path": "images/DSC02904.JPG",
            "transform_matrix": [
                [
                    0.160880285625921,
                    0.014833146794469374,
                    -0.9868624582245974,
                    0.8760815284081821
                ],
                [
                    -0.7906632174698595,
                    0.6004020317434062,
                    -0.11987108416377727,
                    0.13470623784917465
                ],
                [
                    0.5907361595815271,
                    0.7995607406786324,
                    0.10832087392698046,
                    0.35172876221055044
                ],
                [
                    0.0,
                    0.0,
                    0.0,
                    1.0
                ]
            ]
        },
        {
            "file_path": "images/DSC02886.JPG",
            "transform_matrix": [
                [
                    0.8927239143302006,
                    -0.3258062525901069,
                    0.31127849035253957,
                    -0.16125780165506437
                ],
                [
                    0.36305027111916516,
                    0.9292414890628559,
                    -0.06859122133733259,
                    0.10190218673160463
                ],
                [
                    -0.2669054391039368,
                    0.17424276391700666,
                    0.9478401478093745,
                    -0.30536373653508103
                ],
                [
                    0.0,
                    0.0,
                    0.0,
                    1.0
                ]
            ]
        },
        {
            "file_path": "images/DSC02911.JPG",
            "transform_matrix": [
                [
                    -0.3933384687320105,
                    -0.12122694738379433,
                    0.9113664884356695,
                    -0.5915563151305687
                ],
                [
                    0.5937682277103427,
                    0.7233238038391012,
                    0.35247973922121006,
                    -0.3125730876853563
                ],
                [
                    -0.7019431179071959,
                    0.6797843055173753,
                    -0.21253036770067463,
                    0.5363344431783482
                ],
                [
                    0.0,
                    0.0,
                    0.0,
                    1.0
                ]
            ]
        },
        {
            "file_path": "images/DSC02885.JPG",
            "transform_matrix": [
                [
                    0.8371114809062062,
                    -0.4597093193153986,
                    0.2964990898292797,
                    -0.16772531231978297
                ],
                [
                    0.41438836654159467,
                    0.8867356203817025,
                    0.20489563494927387,
                    -0.0963600844072008
                ],
                [
                    -0.35710873723560355,
                    -0.048654714888179317,
                    0.932794762265067,
                    -0.4682517662063113
                ],
                [
                    0.0,
                    0.0,
                    0.0,
                    1.0
                ]
            ]
        },
        {
            "file_path": "images/DSC02890.JPG",
            "transform_matrix": [
                [
                    0.6294405316825404,
                    0.28572697965479504,
                    -0.7226096526981555,
                    0.6464172685219297
                ],
                [
                    -0.645994817355819,
                    0.7092371921236591,
                    -0.28226459441093527,
                    0.27593000810500085
                ],
                [
                    0.43185103105657013,
                    0.6444708669954726,
                    0.6310007833350775,
                    -0.13069165126245044
                ],
                [
                    0.0,
                    0.0,
                    0.0,
                    1.0
                ]
            ]
        },
        {
            "file_path": "images/DSC02899.JPG",
            "transform_matrix": [
                [
                    0.8426925166812165,
                    -0.20705305240940075,
                    0.49698929145146314,
                    -0.2674279041549772
                ],
                [
                    0.44301538754124586,
                    0.7912294858357815,
                    -0.42153679216140166,
                    0.2817459448455328
                ],
                [
                    -0.3059521020211451,
                    0.5753998038164375,
                    0.7584908549460883,
                    -0.07199342685354872
                ],
                [
                    0.0,
                    0.0,
                    0.0,
                    1.0
                ]
            ]
        },
        {
            "file_path": "images/DSC02914.JPG",
            "transform_matrix": [
                [
                    0.42254466438849464,
                    -0.4574032982610344,
                    0.7824565351102521,
                    -0.46197627481605413
                ],
                [
                    0.7122130877354226,
                    0.7015011974283082,
                    0.02546738433810606,
                    -0.009063888078872148
                ],
                [
                    -0.560543061909778,
                    0.546514677521635,
                    0.6221842034303297,
                    0.03032924274704735
                ],
                [
                    0.0,
                    0.0,
                    0.0,
                    1.0
                ]
            ]
        },
        {
            "file_path": "images/DSC02900.JPG",
            "transform_matrix": [
                [
                    0.9780280640739375,
                    -0.1287236859215691,
                    0.16398572671592868,
                    -0.06297299672712675
                ],
                [
                    0.19926847762045075,
                    0.8083841837349856,
                    -0.5539016928245923,
                    0.3708823858338572
                ],
                [
                    -0.06126320029686615,
                    0.5744085864346792,
                    0.8162729911736021,
                    -0.10803569274709433
                ],
                [
                    0.0,
                    0.0,
                    0.0,
                    1.0
                ]
            ]
        }
    ]
}